8875534666
8690774224
9011324053
7019473825
9898205308
8709758873
9413932593
9596965620
9928789739
9785548144
7791910256
9804055167
9694745867
8240124608
9873011874
7509956062
8285301078
9211203048
6266479158
9532952007
8103730000
9970062943
7015715359
7879992280
7077547751
8974381008
9737802012
8887629224
6202605028
7239884328
9302091330
8875608679
6394558645
7023039626
8401857850
8542810531
9358525579
9358525579
9436141082
8755646436
8248713898
9436141082
8755646436
8755646436
7411394291
9874386483
8048264186
7942538055
9903040765
8048981932
8886172840
8827845089
9880084105
7002287432
9957227024
7225956221
9877114130
7043501693
9993272416
9034288551
7286960129
6267657940
9137417438
9137417438
8003991793
9887453907
9414342499
7982900018
8886633336
8225986050
7074865461
9602111200
9636647300
9938443341
7355034309
9672063896
9314093147
9799519002
9571772949
6377891165
7086954300
9414772100
9950513247
9610066426
8800682160
8800682160
9828022188
9990480042
9990480042
9937882434
9925423571
9754801076
9414056721
8094536441
8000710858
8000710858
8853855180
9983844800
8853855180
7007818996
7007818996
7007818996
8770980260
8821063870
8821063870
9667688914
7849905556
9610873504
9636365876
9610104982
9893929956
9667748524
9528559774
9680541427
9024558185
9922525627
9752808097
6394777858
8046053813
8889312720
7586824315
7610964605
9829084575
9079833288
7067251812
8947004700
9664242973
9549509172
9166352843
7849989846
9460124086
7627013315
9549483656
9009523748
9460428043
9582382812
8104647828
9828400485
8209559246
7755803838
9898554799
8107324256
9461254777
9829096134
9461055880
9799246800
9413559345
9414223431
9887419042
9829370037
9829682194
9414388450
9784172276
7568384320
9414640951
9413585048
9460367092
9414486144
8890292921
9950729871
9413689451
9785000401
9829448838
9950410211
9928964711
9829626696
8104545545
9602915572
9799906481
9982298809
7737718194
9950736168
9799994942
9511598718
7073946687
8058980517
9887269190
9314325658
9680203449
9785538996
9783807170
9413857371
9007091185
9829766563
9887428038
8058996001
9828286532
8890703506
9694504790
9928319290
9828194556
9414345379
9950178183
9784365204
9602584602
9529001000
9314185752
9252201961
8432752707
9887513151
9828421209
9983344722
9785877723
9782623089
9494282719
9784801336
9929750482
9928224773
7568246501
9414773925
9782744419
9887598386
9413050923
7665085348
9928003290
8107744765
9694282719
9571203061
9667202504
9950599895
9462871157
9983485497
9829479031
9024231018
9460322360
9828442256
9571391447
9610124417
9982331885
9784884703
7976607012
9928653713
9950096375
9983956731
9166400870
8290194519
9460592011
9828282002
9928018104
9829869700
9636419877
7357524201
9610173917
7568619666
7016813438
9667117494
9450033200
8233782063
9793860918
9694581561
9352964986
9001273838
9732509756
6005947837
7903349598
9829076174
6264947414
9977034631
9893912913
7054025561
9836015131
7003800724
9931695418
7005349300
8638406119
9827564777
9721980537
7666086481
6377942095
7014580100
9024544958
8209332547
9983210600
9549124007
9529921588
7737777211
9325205426
8005812424
9001504803
8104641344
8769455233
9929356857
9896195070
7974886885
9928042211
8358098934
9928555768
8560032133
6350325049
7850827683
9435993342
9828072762
9928174165
9799798800
7615977435
7737340858
7976537912
7300218582
9549538337
9839294752
8302726942
9162494265
8299889609
9936049854
9011151218
8837717529
9351977505
7976604844
8502881850
8502010919
9785836609
9929379483
9549921700
8742874874
9782243530
9506953602
9351586401
8000229255
9672267207
9828777200
7340071633
9414284311
6260520271
8233967857
7737957712
9582942004
6350637879
7983361925
8507626117
9101652172
8100047847
7976687612
7007794033
9602679406
8800934770
9664117995
7357773715
9694956292
9928829698
9024482133
9636571860
9887500017
8866772797
8005719177
9902761225
9729308573
6207580320
9649312995
9799069632
9001298567
9547996834
9913125099
9654642933
9484847848
9706412602
7225096088
8840280940
8770262971
7302960575
7973861960
8860579746
9981645341
9437789268
9777776287
7670000090
9435523295
9001834645
7002048019
8440989850
9636899326
9044175727
8884531500
9413275652
9414787808
9571772949
7397638252
9827026328
6378792583
9009311536
9602695959
9569215670
9351110002
9500797948
9460615589
9610311333
6901191363
9707788774
8404029316
9024530531
9929383685
7008279152
9413901455
7792952944
7974957236
9462436384
9649102000
9414156831
9783841040
9414166545
9829005215
9414166545
9414268173
9636059180
9414157803
9829085524
9414159441
9413611311
9414047874
9414156011
9828276290
9414830285
9001591174
9414068172
9461179560
9829043839
9829041765
9982344248
9414158605
9829012870
9460311832
9414164721
9799393080
9414352734
9829312233
9887880528
9314291336
9414102292
9828281111
9929808257
9929808257
9610622022
9983708206
9414104576
9782170223
9549132101
9414043206
9460907755
7023535330
9414595127
7296918417
9887050902
9461837609
9828825052
9680326995
9460115366
9784512003
7891301933
9079686908
9636801331
9602038373